H E C L N
1 1 1 1 62
2 1 1 1 11
3 1 1 1 2
1 2 1 1 11
2 2 1 1 1
3 2 1 1 1
1 3 1 1 3
2 3 1 1 1
3 3 1 1 1
1 1 2 1 90
2 1 2 1 22
3 1 2 1 2
1 2 2 1 21
2 2 2 1 6
3 2 2 1 2
1 3 2 1 2
2 3 2 1 2
3 3 2 1 0
1 1 3 1 74
2 1 3 1 19
3 1 3 1 1
1 2 3 1 20
2 2 3 1 6
3 2 3 1 4
1 3 3 1 9
2 3 3 1 4
3 3 3 1 1
1 1 1 2 17
2 1 1 2 7
3 1 1 2 3
1 2 1 2 3
2 2 1 2 4
3 2 1 2 0
1 3 1 2 0
2 3 1 2 0
3 3 1 2 0
1 1 2 2 42
2 1 2 2 18
3 1 2 2 0
1 2 2 2 13
2 2 2 2 9
3 2 2 2 1
1 3 2 2 1
2 3 2 2 1
3 3 2 2 0
1 1 3 2 31
2 1 3 2 14
3 1 3 2 3
1 2 3 2 8
2 2 3 2 5
3 2 3 2 3
1 3 3 2 2
2 3 3 2 2
3 3 3 2 2
1 1 1 3 5
2 1 1 3 0
3 1 1 3 1
1 2 1 3 0
2 2 1 3 0
3 2 1 3 1
1 3 1 3 0
2 3 1 3 0
3 3 1 3 0
1 1 2 3 3
2 1 2 3 1
3 1 2 3 1
1 2 2 3 2
2 2 2 3 0
3 2 2 3 1
1 3 2 3 0
2 3 2 3 0
3 3 2 3 0
1 1 3 3 11
2 1 3 3 3
3 1 3 3 1
1 2 3 3 3
2 2 3 3 2
3 2 3 3 1
1 3 3 3 1
2 3 3 3 0
3 3 3 3 3
