"study" "treat" "y" "n" "no" "fit.y" "fit.no"
"1" 1 1 7 15 8 5.43417479691109 9.56582520308891
"2" 2 1 8 19 11 6.42744502800245 12.5725549719976
"3" 3 1 5 34 29 5.10501620874663 28.8949837912534
"4" 4 1 7 36 29 6.67271463454301 29.327285365457
"5" 5 1 3 12 9 2.40373276867889 9.59626723132111
"6" 6 1 4 7 3 2.49781257511577 4.50218742488423
"7" 7 1 4 17 13 3.62480014186032 13.3751998581397
"8" 8 1 1 16 15 1.98361667069275 14.0163833293073
"9" 9 1 3 14 11 2.71695717954199 11.283042820458
"10" 10 1 2 38 36 3.40542093822536 34.5945790617746
"11" 11 1 6 12 6 4.45508027609666 7.54491972390334
"12" 12 1 2 7 5 1.59091613403226 5.40908386596774
"13" 13 1 9 21 12 7.24983790953701 13.750162090463
"14" 14 1 7 21 14 5.78863776119374 15.2113622388063
"15" 15 1 3 25 22 3.47236296339639 21.5276370366036
"16" 16 1 4 11 7 3.02698277622617 7.97301722377383
"17" 17 1 2 10 8 1.95734645394417 8.04265354605583
"18" 18 1 1 31 30 2.47609625507023 28.5239037449298
"19" 19 1 4 28 24 4.32388831542977 23.6761116845702
"20" 20 1 7 43 36 7.10879490484691 35.8912050951531
"21" 21 1 6 40 34 6.34025792384355 33.6597420761564
"22" 22 1 4 18 14 3.534627105784 14.465372894216
"23" 23 1 14 68 54 13.5412776668629 54.4587223331371
"24" 24 1 6 21 15 5.18389354089088 15.8161064591091
"25" 25 1 0 6 6 0.826305671353601 5.1736943286464
"26" 26 1 1 10 9 1.42077796434665 8.57922203565335
"27" 27 1 5 17 12 4.17286323877894 12.8271367612211
"28" 28 1 0 10 10 1.15648240521812 8.84351759478188
"29" 29 1 0 22 22 1.69075545434751 20.3092445456525
"30" 30 1 2 18 16 2.52621686857557 15.4737831314244
"31" 31 1 1 15 14 1.8415245546329 13.1584754453671
"32" 32 1 8 24 16 6.89731190370636 17.1026880962936
"33" 33 1 6 12 6 4.36507579326303 7.63492420673697
"34" 34 1 0 20 20 1.57042225240367 18.4295777475963
"35" 35 1 4 17 13 3.46914721729229 13.5308527827077
"36" 36 1 10 40 30 9.41944826637118 30.5805517336288
"37" 37 1 3 16 13 2.81057197880041 13.1894280211996
"38" 38 1 4 34 30 4.51880262896064 29.4811973710394
"39" 39 1 7 38 31 6.91412738854104 31.085872611459
"40" 40 1 0 34 34 2.39837495507471 31.6016250449253
"41" 41 1 0 9 9 0.890206177370741 8.10979382262926
"42" 1 0 11 13 2 10.3339884367701 2.66601156322992
"43" 2 0 8 16 8 8.0060997572944 7.9939002427056
"44" 3 0 4 39 35 4.84133562108261 34.1586643789174
"45" 4 0 4 31 27 4.75437553812856 26.2456244618714
"46" 5 0 0 12 12 1.07753327139433 10.9224667286057
"47" 6 0 4 4 0 3.26295667639337 0.737043323606626
"48" 7 0 13 24 11 12.840723531602 11.159276468398
"49" 8 0 13 16 3 12.2188396904112 3.7811603095888
"50" 9 0 7 22 15 7.2549411348559 14.7450588651441
"51" 10 0 12 32 20 12.0191888383185 19.9808111616815
"52" 11 0 8 8 0 7.0248180444669 0.975181955533098
"53" 12 0 7 9 2 6.45206461226816 2.54793538773184
"54" 13 0 7 24 17 7.42017195751278 16.5798280424872
"55" 14 0 5 25 20 5.59495900095716 19.4050409990428
"56" 15 0 11 32 21 11.1525755349484 20.8474244650516
"57" 16 0 6 10 4 5.79865644281177 4.20134355718823
"58" 17 0 8 10 2 7.37180283481067 2.62819716518933
"59" 18 0 4 27 23 4.55297841600259 22.4470215839974
"60" 19 0 15 31 16 14.8929486404398 16.1070513595602
"61" 20 0 16 43 27 16.1249355102502 26.8750644897498
"62" 21 0 13 21 8 12.6468940334955 8.35310596650449
"63" 22 0 5 39 34 5.7850286614322 33.2149713385678
"64" 23 0 13 74 61 13.6547254799331 60.3452745200669
"65" 24 0 8 21 13 8.16990134747636 12.8300986525236
"66" 25 0 6 6 0 5.00936862144517 0.990631378554825
"67" 26 0 5 15 10 5.16576672713438 9.83423327286562
"68" 27 0 5 15 10 5.25349930710505 9.74650069289495
"69" 28 0 12 14 2 11.1171994908039 2.88280050919607
"70" 29 0 8 24 16 8.08047872381757 15.9195212761824
"71" 30 0 10 21 11 9.89501528817888 11.1049847118211
"72" 31 0 7 13 6 6.77096763801051 6.22903236198949
"73" 32 0 15 27 12 14.8680531444416 12.1319468555584
"74" 33 0 7 9 2 6.52957258167109 2.47042741832891
"75" 34 0 5 23 18 5.34644618821844 17.6535538117816
"76" 35 0 2 16 14 2.71163369780841 13.2883663021916
"77" 36 0 12 20 8 11.7512952613514 8.24870473864863
"78" 37 0 2 16 14 2.68910730559564 13.3108926944044
"79" 38 0 5 19 14 5.30855480020322 13.6914451997968
"80" 39 0 15 37 22 15.0730953004629 21.9269046995371
"81" 40 0 34 34 0 32.2430467662735 1.75695323372652
"82" 41 0 0 16 16 1.10110448207886 14.8988955179211
