case time treat diagnose outcome
1 0 0 0 1
1 1 0 0 1
1 2 0 0 1
2 0 0 0 1
2 1 0 0 1
2 2 0 0 1
3 0 0 0 1
3 1 0 0 1
3 2 0 0 1
4 0 0 0 1
4 1 0 0 1
4 2 0 0 1
5 0 0 0 1
5 1 0 0 1
5 2 0 0 1
6 0 0 0 1
6 1 0 0 1
6 2 0 0 1
7 0 0 0 1
7 1 0 0 1
7 2 0 0 1
8 0 0 0 1
8 1 0 0 1
8 2 0 0 1
9 0 0 0 1
9 1 0 0 1
9 2 0 0 1
10 0 0 0 1
10 1 0 0 1
10 2 0 0 1
11 0 0 0 1
11 1 0 0 1
11 2 0 0 1
12 0 0 0 1
12 1 0 0 1
12 2 0 0 1
13 0 0 0 1
13 1 0 0 1
13 2 0 0 1
14 0 0 0 1
14 1 0 0 1
14 2 0 0 1
15 0 0 0 1
15 1 0 0 1
15 2 0 0 1
16 0 0 0 1
16 1 0 0 1
16 2 0 0 1
17 0 0 0 1
17 1 0 0 1
17 2 0 0 0
18 0 0 0 1
18 1 0 0 1
18 2 0 0 0
19 0 0 0 1
19 1 0 0 1
19 2 0 0 0
20 0 0 0 1
20 1 0 0 1
20 2 0 0 0
21 0 0 0 1
21 1 0 0 1
21 2 0 0 0
22 0 0 0 1
22 1 0 0 1
22 2 0 0 0
23 0 0 0 1
23 1 0 0 1
23 2 0 0 0
24 0 0 0 1
24 1 0 0 1
24 2 0 0 0
25 0 0 0 1
25 1 0 0 1
25 2 0 0 0
26 0 0 0 1
26 1 0 0 1
26 2 0 0 0
27 0 0 0 1
27 1 0 0 1
27 2 0 0 0
28 0 0 0 1
28 1 0 0 1
28 2 0 0 0
29 0 0 0 1
29 1 0 0 1
29 2 0 0 0
30 0 0 0 1
30 1 0 0 0
30 2 0 0 1
31 0 0 0 1
31 1 0 0 0
31 2 0 0 1
32 0 0 0 1
32 1 0 0 0
32 2 0 0 1
33 0 0 0 1
33 1 0 0 0
33 2 0 0 1
34 0 0 0 1
34 1 0 0 0
34 2 0 0 1
35 0 0 0 1
35 1 0 0 0
35 2 0 0 1
36 0 0 0 1
36 1 0 0 0
36 2 0 0 1
37 0 0 0 1
37 1 0 0 0
37 2 0 0 1
38 0 0 0 1
38 1 0 0 0
38 2 0 0 1
39 0 0 0 1
39 1 0 0 0
39 2 0 0 0
40 0 0 0 1
40 1 0 0 0
40 2 0 0 0
41 0 0 0 1
41 1 0 0 0
41 2 0 0 0
42 0 0 0 0
42 1 0 0 1
42 2 0 0 1
43 0 0 0 0
43 1 0 0 1
43 2 0 0 1
44 0 0 0 0
44 1 0 0 1
44 2 0 0 1
45 0 0 0 0
45 1 0 0 1
45 2 0 0 1
46 0 0 0 0
46 1 0 0 1
46 2 0 0 1
47 0 0 0 0
47 1 0 0 1
47 2 0 0 1
48 0 0 0 0
48 1 0 0 1
48 2 0 0 1
49 0 0 0 0
49 1 0 0 1
49 2 0 0 1
50 0 0 0 0
50 1 0 0 1
50 2 0 0 1
51 0 0 0 0
51 1 0 0 1
51 2 0 0 1
52 0 0 0 0
52 1 0 0 1
52 2 0 0 1
53 0 0 0 0
53 1 0 0 1
53 2 0 0 1
54 0 0 0 0
54 1 0 0 1
54 2 0 0 1
55 0 0 0 0
55 1 0 0 1
55 2 0 0 1
56 0 0 0 0
56 1 0 0 1
56 2 0 0 0
57 0 0 0 0
57 1 0 0 1
57 2 0 0 0
58 0 0 0 0
58 1 0 0 1
58 2 0 0 0
59 0 0 0 0
59 1 0 0 1
59 2 0 0 0
60 0 0 0 0
60 1 0 0 0
60 2 0 0 1
61 0 0 0 0
61 1 0 0 0
61 2 0 0 1
62 0 0 0 0
62 1 0 0 0
62 2 0 0 1
63 0 0 0 0
63 1 0 0 0
63 2 0 0 1
64 0 0 0 0
64 1 0 0 0
64 2 0 0 1
65 0 0 0 0
65 1 0 0 0
65 2 0 0 1
66 0 0 0 0
66 1 0 0 0
66 2 0 0 1
67 0 0 0 0
67 1 0 0 0
67 2 0 0 1
68 0 0 0 0
68 1 0 0 0
68 2 0 0 1
69 0 0 0 0
69 1 0 0 0
69 2 0 0 1
70 0 0 0 0
70 1 0 0 0
70 2 0 0 1
71 0 0 0 0
71 1 0 0 0
71 2 0 0 1
72 0 0 0 0
72 1 0 0 0
72 2 0 0 1
73 0 0 0 0
73 1 0 0 0
73 2 0 0 1
74 0 0 0 0
74 1 0 0 0
74 2 0 0 1
75 0 0 0 0
75 1 0 0 0
75 2 0 0 0
76 0 0 0 0
76 1 0 0 0
76 2 0 0 0
77 0 0 0 0
77 1 0 0 0
77 2 0 0 0
78 0 0 0 0
78 1 0 0 0
78 2 0 0 0
79 0 0 0 0
79 1 0 0 0
79 2 0 0 0
80 0 0 0 0
80 1 0 0 0
80 2 0 0 0
81 0 1 0 1
81 1 1 0 1
81 2 1 0 1
82 0 1 0 1
82 1 1 0 1
82 2 1 0 1
83 0 1 0 1
83 1 1 0 1
83 2 1 0 1
84 0 1 0 1
84 1 1 0 1
84 2 1 0 1
85 0 1 0 1
85 1 1 0 1
85 2 1 0 1
86 0 1 0 1
86 1 1 0 1
86 2 1 0 1
87 0 1 0 1
87 1 1 0 1
87 2 1 0 1
88 0 1 0 1
88 1 1 0 1
88 2 1 0 1
89 0 1 0 1
89 1 1 0 1
89 2 1 0 1
90 0 1 0 1
90 1 1 0 1
90 2 1 0 1
91 0 1 0 1
91 1 1 0 1
91 2 1 0 1
92 0 1 0 1
92 1 1 0 1
92 2 1 0 1
93 0 1 0 1
93 1 1 0 1
93 2 1 0 1
94 0 1 0 1
94 1 1 0 1
94 2 1 0 1
95 0 1 0 1
95 1 1 0 1
95 2 1 0 1
96 0 1 0 1
96 1 1 0 1
96 2 1 0 1
97 0 1 0 1
97 1 1 0 1
97 2 1 0 1
98 0 1 0 1
98 1 1 0 1
98 2 1 0 1
99 0 1 0 1
99 1 1 0 1
99 2 1 0 1
100 0 1 0 1
100 1 1 0 1
100 2 1 0 1
101 0 1 0 1
101 1 1 0 1
101 2 1 0 1
102 0 1 0 1
102 1 1 0 1
102 2 1 0 1
103 0 1 0 1
103 1 1 0 1
103 2 1 0 1
104 0 1 0 1
104 1 1 0 1
104 2 1 0 1
105 0 1 0 1
105 1 1 0 1
105 2 1 0 1
106 0 1 0 1
106 1 1 0 1
106 2 1 0 1
107 0 1 0 1
107 1 1 0 1
107 2 1 0 1
108 0 1 0 1
108 1 1 0 1
108 2 1 0 1
109 0 1 0 1
109 1 1 0 1
109 2 1 0 1
110 0 1 0 1
110 1 1 0 1
110 2 1 0 1
111 0 1 0 1
111 1 1 0 1
111 2 1 0 1
112 0 1 0 1
112 1 1 0 0
112 2 1 0 1
113 0 1 0 1
113 1 1 0 0
113 2 1 0 1
114 0 1 0 1
114 1 1 0 0
114 2 1 0 1
115 0 1 0 1
115 1 1 0 0
115 2 1 0 1
116 0 1 0 1
116 1 1 0 0
116 2 1 0 1
117 0 1 0 1
117 1 1 0 0
117 2 1 0 1
118 0 1 0 0
118 1 1 0 1
118 2 1 0 1
119 0 1 0 0
119 1 1 0 1
119 2 1 0 1
120 0 1 0 0
120 1 1 0 1
120 2 1 0 1
121 0 1 0 0
121 1 1 0 1
121 2 1 0 1
122 0 1 0 0
122 1 1 0 1
122 2 1 0 1
123 0 1 0 0
123 1 1 0 1
123 2 1 0 1
124 0 1 0 0
124 1 1 0 1
124 2 1 0 1
125 0 1 0 0
125 1 1 0 1
125 2 1 0 1
126 0 1 0 0
126 1 1 0 1
126 2 1 0 1
127 0 1 0 0
127 1 1 0 1
127 2 1 0 1
128 0 1 0 0
128 1 1 0 1
128 2 1 0 1
129 0 1 0 0
129 1 1 0 1
129 2 1 0 1
130 0 1 0 0
130 1 1 0 1
130 2 1 0 1
131 0 1 0 0
131 1 1 0 1
131 2 1 0 1
132 0 1 0 0
132 1 1 0 1
132 2 1 0 1
133 0 1 0 0
133 1 1 0 1
133 2 1 0 1
134 0 1 0 0
134 1 1 0 1
134 2 1 0 1
135 0 1 0 0
135 1 1 0 1
135 2 1 0 1
136 0 1 0 0
136 1 1 0 1
136 2 1 0 1
137 0 1 0 0
137 1 1 0 1
137 2 1 0 1
138 0 1 0 0
138 1 1 0 1
138 2 1 0 1
139 0 1 0 0
139 1 1 0 1
139 2 1 0 1
140 0 1 0 0
140 1 1 0 1
140 2 1 0 0
141 0 1 0 0
141 1 1 0 1
141 2 1 0 0
142 0 1 0 0
142 1 1 0 0
142 2 1 0 1
143 0 1 0 0
143 1 1 0 0
143 2 1 0 1
144 0 1 0 0
144 1 1 0 0
144 2 1 0 1
145 0 1 0 0
145 1 1 0 0
145 2 1 0 1
146 0 1 0 0
146 1 1 0 0
146 2 1 0 1
147 0 1 0 0
147 1 1 0 0
147 2 1 0 1
148 0 1 0 0
148 1 1 0 0
148 2 1 0 1
149 0 1 0 0
149 1 1 0 0
149 2 1 0 1
150 0 1 0 0
150 1 1 0 0
150 2 1 0 1
151 0 0 1 1
151 1 0 1 1
151 2 0 1 1
152 0 0 1 1
152 1 0 1 1
152 2 0 1 1
153 0 0 1 1
153 1 0 1 1
153 2 0 1 0
154 0 0 1 1
154 1 0 1 1
154 2 0 1 0
155 0 0 1 1
155 1 0 1 0
155 2 0 1 1
156 0 0 1 1
156 1 0 1 0
156 2 0 1 1
157 0 0 1 1
157 1 0 1 0
157 2 0 1 1
158 0 0 1 1
158 1 0 1 0
158 2 0 1 1
159 0 0 1 1
159 1 0 1 0
159 2 0 1 1
160 0 0 1 1
160 1 0 1 0
160 2 0 1 1
161 0 0 1 1
161 1 0 1 0
161 2 0 1 1
162 0 0 1 1
162 1 0 1 0
162 2 0 1 1
163 0 0 1 1
163 1 0 1 0
163 2 0 1 0
164 0 0 1 1
164 1 0 1 0
164 2 0 1 0
165 0 0 1 1
165 1 0 1 0
165 2 0 1 0
166 0 0 1 1
166 1 0 1 0
166 2 0 1 0
167 0 0 1 1
167 1 0 1 0
167 2 0 1 0
168 0 0 1 1
168 1 0 1 0
168 2 0 1 0
169 0 0 1 1
169 1 0 1 0
169 2 0 1 0
170 0 0 1 1
170 1 0 1 0
170 2 0 1 0
171 0 0 1 1
171 1 0 1 0
171 2 0 1 0
172 0 0 1 0
172 1 0 1 1
172 2 0 1 1
173 0 0 1 0
173 1 0 1 1
173 2 0 1 1
174 0 0 1 0
174 1 0 1 1
174 2 0 1 1
175 0 0 1 0
175 1 0 1 1
175 2 0 1 1
176 0 0 1 0
176 1 0 1 1
176 2 0 1 1
177 0 0 1 0
177 1 0 1 1
177 2 0 1 1
178 0 0 1 0
178 1 0 1 1
178 2 0 1 1
179 0 0 1 0
179 1 0 1 1
179 2 0 1 1
180 0 0 1 0
180 1 0 1 1
180 2 0 1 1
181 0 0 1 0
181 1 0 1 1
181 2 0 1 0
182 0 0 1 0
182 1 0 1 1
182 2 0 1 0
183 0 0 1 0
183 1 0 1 1
183 2 0 1 0
184 0 0 1 0
184 1 0 1 1
184 2 0 1 0
185 0 0 1 0
185 1 0 1 1
185 2 0 1 0
186 0 0 1 0
186 1 0 1 1
186 2 0 1 0
187 0 0 1 0
187 1 0 1 1
187 2 0 1 0
188 0 0 1 0
188 1 0 1 1
188 2 0 1 0
189 0 0 1 0
189 1 0 1 1
189 2 0 1 0
190 0 0 1 0
190 1 0 1 1
190 2 0 1 0
191 0 0 1 0
191 1 0 1 1
191 2 0 1 0
192 0 0 1 0
192 1 0 1 1
192 2 0 1 0
193 0 0 1 0
193 1 0 1 1
193 2 0 1 0
194 0 0 1 0
194 1 0 1 1
194 2 0 1 0
195 0 0 1 0
195 1 0 1 1
195 2 0 1 0
196 0 0 1 0
196 1 0 1 0
196 2 0 1 1
197 0 0 1 0
197 1 0 1 0
197 2 0 1 1
198 0 0 1 0
198 1 0 1 0
198 2 0 1 1
199 0 0 1 0
199 1 0 1 0
199 2 0 1 1
200 0 0 1 0
200 1 0 1 0
200 2 0 1 1
201 0 0 1 0
201 1 0 1 0
201 2 0 1 1
202 0 0 1 0
202 1 0 1 0
202 2 0 1 1
203 0 0 1 0
203 1 0 1 0
203 2 0 1 1
204 0 0 1 0
204 1 0 1 0
204 2 0 1 1
205 0 0 1 0
205 1 0 1 0
205 2 0 1 1
206 0 0 1 0
206 1 0 1 0
206 2 0 1 1
207 0 0 1 0
207 1 0 1 0
207 2 0 1 1
208 0 0 1 0
208 1 0 1 0
208 2 0 1 1
209 0 0 1 0
209 1 0 1 0
209 2 0 1 1
210 0 0 1 0
210 1 0 1 0
210 2 0 1 1
211 0 0 1 0
211 1 0 1 0
211 2 0 1 1
212 0 0 1 0
212 1 0 1 0
212 2 0 1 1
213 0 0 1 0
213 1 0 1 0
213 2 0 1 1
214 0 0 1 0
214 1 0 1 0
214 2 0 1 1
215 0 0 1 0
215 1 0 1 0
215 2 0 1 1
216 0 0 1 0
216 1 0 1 0
216 2 0 1 1
217 0 0 1 0
217 1 0 1 0
217 2 0 1 1
218 0 0 1 0
218 1 0 1 0
218 2 0 1 1
219 0 0 1 0
219 1 0 1 0
219 2 0 1 1
220 0 0 1 0
220 1 0 1 0
220 2 0 1 1
221 0 0 1 0
221 1 0 1 0
221 2 0 1 1
222 0 0 1 0
222 1 0 1 0
222 2 0 1 1
223 0 0 1 0
223 1 0 1 0
223 2 0 1 0
224 0 0 1 0
224 1 0 1 0
224 2 0 1 0
225 0 0 1 0
225 1 0 1 0
225 2 0 1 0
226 0 0 1 0
226 1 0 1 0
226 2 0 1 0
227 0 0 1 0
227 1 0 1 0
227 2 0 1 0
228 0 0 1 0
228 1 0 1 0
228 2 0 1 0
229 0 0 1 0
229 1 0 1 0
229 2 0 1 0
230 0 0 1 0
230 1 0 1 0
230 2 0 1 0
231 0 0 1 0
231 1 0 1 0
231 2 0 1 0
232 0 0 1 0
232 1 0 1 0
232 2 0 1 0
233 0 0 1 0
233 1 0 1 0
233 2 0 1 0
234 0 0 1 0
234 1 0 1 0
234 2 0 1 0
235 0 0 1 0
235 1 0 1 0
235 2 0 1 0
236 0 0 1 0
236 1 0 1 0
236 2 0 1 0
237 0 0 1 0
237 1 0 1 0
237 2 0 1 0
238 0 0 1 0
238 1 0 1 0
238 2 0 1 0
239 0 0 1 0
239 1 0 1 0
239 2 0 1 0
240 0 0 1 0
240 1 0 1 0
240 2 0 1 0
241 0 0 1 0
241 1 0 1 0
241 2 0 1 0
242 0 0 1 0
242 1 0 1 0
242 2 0 1 0
243 0 0 1 0
243 1 0 1 0
243 2 0 1 0
244 0 0 1 0
244 1 0 1 0
244 2 0 1 0
245 0 0 1 0
245 1 0 1 0
245 2 0 1 0
246 0 0 1 0
246 1 0 1 0
246 2 0 1 0
247 0 0 1 0
247 1 0 1 0
247 2 0 1 0
248 0 0 1 0
248 1 0 1 0
248 2 0 1 0
249 0 0 1 0
249 1 0 1 0
249 2 0 1 0
250 0 0 1 0
250 1 0 1 0
250 2 0 1 0
251 0 1 1 1
251 1 1 1 1
251 2 1 1 1
252 0 1 1 1
252 1 1 1 1
252 2 1 1 1
253 0 1 1 1
253 1 1 1 1
253 2 1 1 1
254 0 1 1 1
254 1 1 1 1
254 2 1 1 1
255 0 1 1 1
255 1 1 1 1
255 2 1 1 1
256 0 1 1 1
256 1 1 1 1
256 2 1 1 1
257 0 1 1 1
257 1 1 1 1
257 2 1 1 1
258 0 1 1 1
258 1 1 1 1
258 2 1 1 0
259 0 1 1 1
259 1 1 1 1
259 2 1 1 0
260 0 1 1 1
260 1 1 1 0
260 2 1 1 1
261 0 1 1 1
261 1 1 1 0
261 2 1 1 1
262 0 1 1 1
262 1 1 1 0
262 2 1 1 1
263 0 1 1 1
263 1 1 1 0
263 2 1 1 1
264 0 1 1 1
264 1 1 1 0
264 2 1 1 1
265 0 1 1 1
265 1 1 1 0
265 2 1 1 0
266 0 1 1 1
266 1 1 1 0
266 2 1 1 0
267 0 1 1 0
267 1 1 1 1
267 2 1 1 1
268 0 1 1 0
268 1 1 1 1
268 2 1 1 1
269 0 1 1 0
269 1 1 1 1
269 2 1 1 1
270 0 1 1 0
270 1 1 1 1
270 2 1 1 1
271 0 1 1 0
271 1 1 1 1
271 2 1 1 1
272 0 1 1 0
272 1 1 1 1
272 2 1 1 1
273 0 1 1 0
273 1 1 1 1
273 2 1 1 1
274 0 1 1 0
274 1 1 1 1
274 2 1 1 1
275 0 1 1 0
275 1 1 1 1
275 2 1 1 1
276 0 1 1 0
276 1 1 1 1
276 2 1 1 1
277 0 1 1 0
277 1 1 1 1
277 2 1 1 1
278 0 1 1 0
278 1 1 1 1
278 2 1 1 1
279 0 1 1 0
279 1 1 1 1
279 2 1 1 1
280 0 1 1 0
280 1 1 1 1
280 2 1 1 1
281 0 1 1 0
281 1 1 1 1
281 2 1 1 1
282 0 1 1 0
282 1 1 1 1
282 2 1 1 1
283 0 1 1 0
283 1 1 1 1
283 2 1 1 1
284 0 1 1 0
284 1 1 1 1
284 2 1 1 1
285 0 1 1 0
285 1 1 1 1
285 2 1 1 1
286 0 1 1 0
286 1 1 1 1
286 2 1 1 1
287 0 1 1 0
287 1 1 1 1
287 2 1 1 1
288 0 1 1 0
288 1 1 1 1
288 2 1 1 1
289 0 1 1 0
289 1 1 1 1
289 2 1 1 1
290 0 1 1 0
290 1 1 1 1
290 2 1 1 1
291 0 1 1 0
291 1 1 1 1
291 2 1 1 1
292 0 1 1 0
292 1 1 1 1
292 2 1 1 1
293 0 1 1 0
293 1 1 1 1
293 2 1 1 1
294 0 1 1 0
294 1 1 1 1
294 2 1 1 1
295 0 1 1 0
295 1 1 1 1
295 2 1 1 1
296 0 1 1 0
296 1 1 1 1
296 2 1 1 1
297 0 1 1 0
297 1 1 1 1
297 2 1 1 1
298 0 1 1 0
298 1 1 1 1
298 2 1 1 0
299 0 1 1 0
299 1 1 1 1
299 2 1 1 0
300 0 1 1 0
300 1 1 1 1
300 2 1 1 0
301 0 1 1 0
301 1 1 1 1
301 2 1 1 0
302 0 1 1 0
302 1 1 1 1
302 2 1 1 0
303 0 1 1 0
303 1 1 1 0
303 2 1 1 1
304 0 1 1 0
304 1 1 1 0
304 2 1 1 1
305 0 1 1 0
305 1 1 1 0
305 2 1 1 1
306 0 1 1 0
306 1 1 1 0
306 2 1 1 1
307 0 1 1 0
307 1 1 1 0
307 2 1 1 1
308 0 1 1 0
308 1 1 1 0
308 2 1 1 1
309 0 1 1 0
309 1 1 1 0
309 2 1 1 1
310 0 1 1 0
310 1 1 1 0
310 2 1 1 1
311 0 1 1 0
311 1 1 1 0
311 2 1 1 1
312 0 1 1 0
312 1 1 1 0
312 2 1 1 1
313 0 1 1 0
313 1 1 1 0
313 2 1 1 1
314 0 1 1 0
314 1 1 1 0
314 2 1 1 1
315 0 1 1 0
315 1 1 1 0
315 2 1 1 1
316 0 1 1 0
316 1 1 1 0
316 2 1 1 1
317 0 1 1 0
317 1 1 1 0
317 2 1 1 1
318 0 1 1 0
318 1 1 1 0
318 2 1 1 1
319 0 1 1 0
319 1 1 1 0
319 2 1 1 1
320 0 1 1 0
320 1 1 1 0
320 2 1 1 1
321 0 1 1 0
321 1 1 1 0
321 2 1 1 1
322 0 1 1 0
322 1 1 1 0
322 2 1 1 1
323 0 1 1 0
323 1 1 1 0
323 2 1 1 1
324 0 1 1 0
324 1 1 1 0
324 2 1 1 1
325 0 1 1 0
325 1 1 1 0
325 2 1 1 1
326 0 1 1 0
326 1 1 1 0
326 2 1 1 1
327 0 1 1 0
327 1 1 1 0
327 2 1 1 1
328 0 1 1 0
328 1 1 1 0
328 2 1 1 1
329 0 1 1 0
329 1 1 1 0
329 2 1 1 1
330 0 1 1 0
330 1 1 1 0
330 2 1 1 1
331 0 1 1 0
331 1 1 1 0
331 2 1 1 1
332 0 1 1 0
332 1 1 1 0
332 2 1 1 1
333 0 1 1 0
333 1 1 1 0
333 2 1 1 1
334 0 1 1 0
334 1 1 1 0
334 2 1 1 1
335 0 1 1 0
335 1 1 1 0
335 2 1 1 0
336 0 1 1 0
336 1 1 1 0
336 2 1 1 0
337 0 1 1 0
337 1 1 1 0
337 2 1 1 0
338 0 1 1 0
338 1 1 1 0
338 2 1 1 0
339 0 1 1 0
339 1 1 1 0
339 2 1 1 0
340 0 1 1 0
340 1 1 1 0
340 2 1 1 0
